12000
888
55
44
323
4
99
1
255
9
4309
945
761
7897
8818
6661
1374
3250
4250
3094
1120
2624
2793
4179
2674
9411
735
3038
6814
1987
3518
7253
6785
9006
9001
6673
690
8245
5827
7581
72
9719
2239
3205
4163
9971
4725
1209
2973
9110
860
6713
277
2572
6483
7615
9862
8556
2023
5144
9865
8147
472
538
6025
8863
3438
4416
9010
6524
1884
6819
7668
3419
7586
647
7073
9308
5181
9178
151
7002
7275
8157
4606
8196
9593
8166
8305
7168
1745
2012
4080
4786
8358
4889
1477
4893
9063
6639
7029
1900
8142
6796
7729
7176
8589
3144
1307
793
7737
6669
5602
4444
3310
8597
2542
8427
502
7645
7742
1552
5637
3896
8046
1688
8186
8513
2545
3308
561
8532
8025
7445
4443
8989
1468
3864
884
4522
3429
2801
3535
3481
7126
1384
4468
6832
5515
4079
6335
2146
2956
4435
9229
3251
483
8479
5913
8472
583
7312
4847
1691
9652
6578
7263
8909
6566
3725
4349
2349
567
1902
3177
5620
701
4634
527
2966
288
6048
7328
8725
1121
6464
2183
535
4772
6658
4801
1305
244
4633
6919
4133
9794
5126
3322
1579
283
9494
5050
4658
7347
2015
3827
5705
5482
9097
6905
687
6876
6606
8569
9376
9517
4439
8776
6233
2905
5160
5239
8549
7690
9678
2283
3264
1570
9383
8849
569
5765
7972
345
5332
6475
9115
5057
2977
4410
8185
2216
7976
7213
9511
3799
7461
1553
5848
3265
7872
7770
1732
5474
4988
1356
8558
1954
1582
3970
9642
5334
8766
4379
5799
3948
8510
3919
1645
709
5369
4736
8745
105
7063
9729
3743
3985
7895
2113
1938
4372
5749
4895
9856
3052
9201
4837
9341
8456
7552
6173
3008
3238
745
3352
8278
3432
9913
8681
1519
3439
6334
8893
9800
5312
3766
1697
5273
9835
9676
487
8047
133
4723
4753
6895
8130
1692
7152
934
6237
2603
3717
1291
1337
6072
4996
6972
58
8474
7801
9508
7777
2996
4311
7075
1716
4733
6581
1929
6907
5652
1240
3498
1502
8256
107
2640
2761
4832
2494
323
1595
3825
906
2777
2068
304
9153
2596
8370
8660
4751
104
3521
3221
7141
4328
5998
9182
7133
6528
1463
6564
5829
760
7518
2570
7006
8107
4062
9262
1703
9171
2987
4629
7381
7725
2106
9056
6362
3406
830
7805
4397
9737
117
3229
2207
3962
5611
8284
5535
8672
3644
4518
4693
8788
3854
1080
5141
3486
3313
5135
3945
5486
4380
7077
8916
5676
7208
4401
2649
2537
7206
7917
5360
1022
6169
2736
327
3189
6429
9190
7013
8958
7190
1191
2872
8017
6032
8635
5039
9985
9079
7997
7554
9892
4739
8091
924
7301
9204
2663
6474
1344
2699
4721
9917
6010
2979
4056
6319
2478
4677
2713
3659
2812
85
7443
2734
768
6252
1601
2543
3274
9995
5055
4217
2757
9896
9433
1540
9166
2101
639
7324
205
3701
3273
2154
1173
7481
2202
3685
4137
1766
5396
3774
3286
4797
7036
9226
8866
2816
2592
6307
5049
2958
5846
9345
1440
4078
1560
1709
9728
7184
7146
9334
3765
4803
2978
2036
8765
6489
772
4596
9391
2830
477
4088
8914
8000
4296
3670
1166
6887
3159
2782
4785
9442
8156
5497
6073
7921
9069
4541
4789
355
9587
8013
5478
7936
8760
2312
5802
9655
4583
6029
4160
8814
9955
553
9198
7108
610
9679
6520
6773
6736
1326
8335
6950
5119
4261
8585
1953
1761
7521
9594
7806
6865
2043
4741
7959
7487
9552
5755
1946
7353
4858
3759
3640
5103
730
1696
5600
4884
5727
445
7525
4577
9207
4295
9922
5353
5737
6412
7060
4162
459
8458
1096
6136
8512
2090
8907
6744
2540
7162
8144
9916
556
3566
508
5278
7181
2321
9409
8033
3731
2580
2094
3009
5634
9759
2767
7273
3495
8352
4731
2324
7472
3757
7234
5702
8373
1131
3693
4364
2371
2365
8654
4469
8060
5769
9864
8530
5922
7556
5947
6311
8696
1917
7166
826
7700
9062
6227
8009
8577
4274
573
5671
5539
1885
8843
4455
5074
6283
9267
2959
5048
9085
3025
3840
8867
596
581
4938
6630
513
5262
1359
6337
1021
9311
7898
2479
8350
8886
5823
63
2443
5763
4505
5041
3772
6405
3502
623
3456
8834
1817
4221
9774
8079
2289
419
6756
941
7143
6391
5796
7396
4686
691
4099
5918
2647
8966
1537
3796
9154
5984
381
9936
1654
9769
2334
3897
1470
4242
4879
8610
7065
4781
55
4187
3813
5885
9763
2305
6052
5571
5623
952
2497
3336
4406
3992
7864
9352
3909
2510
4181
6298
6255
2738
1110
9959
3934
7810
1227
1529
6310
8388
310
3687
3276
4231
9590
3698
7958
3922
9288
2127
3808
8584
1397
9500
9898
6418
1138
3107
9390
9657
5536
9301
1095
3090
3624
8568
6387
540
7823
7883
5909
8048
3683
547
5269
3224
6479
6857
4481
3355
2858
5973
5410
3472
1843
2553
2400
7563
6749
5617
192
5735
5331
7981
4940
2970
9041
5748
2964
3401
1542
6164
3063
286
7380
493
5444
8968
7302
7549
7741
4448
6975
341
8020
2380
3021
9326
6715
9530
9265
3512
842
3580
6532
518
9584
2747
5032
3041
1517
5401
5696
9725
6609
1576
9264
6209
2083
763
8378
2062
4006
6856
6567
3590
9212
7111
6127
729
3814
9165
2982
6238
7955
4645
1055
4828
7909
9406
4670
3165
7003
7940
3971
249
9248
1795
5222
7634
3092
4034
9786
6392
5680
3487
7576
1523
4442
5628
6098
5526
4335
6593
1574
4009
393
8980
346
7230
4360
6563
8950
7418
4383
5340
8316
3211
1001
2866
1634
7413
5532
8897
2717
8775
1312
8976
4427
9933
1091
4214
4022
6700
9793
617
5559
8221
3803
8129
2070
1177
3070
5845
71
6511
3695
1711
9344
6679
2728
7290
3409
3831
1196
3493
6486
2404
9263
8459
7016
1758
6339
3012
6413
9635
3609
5706
7605
5254
3394
378
3143
5017
9395
2666
1139
3541
1618
3783
5538
8698
4854
3884
3043
5966
7550
9129
2690
8675
4592
7421
6036
8986
4624
8723
1767
2840
4344
8578
8947
7261
1065
5858
8246
9644
8192
8836
6846
7796
4143
9857
8356
1978
1060
9762
2601
6457
2707
6641
642
6088
2481
2463
6331
6091
8280
3675
6455
3259
1288
5245
1612
541
4902
6978
3667
2010
9884
7868
96
6469
9536
3917
115
5978
9984
8174
2313
9436
7410
402
3341
2148
3861
6883
1605
7491
7766
790
887
6358
6328
6577
9324
3373
5270
8525
11
978
4438
4523
3548
80
3977
2155
9844
174
5172
7196
7760
6836
8784
1210
7033
300
4488
5722
7934
681
6834
9399
324
1460
537
5376
1764
3584
3833
3083
1861
5732
3857
41
959
1047
5299
5646
6507
1753
4077
3836
995
5573
5790
88
5419
3464
1829
909
8394
9220
9438
4319
4233
9672
782
5337
6285
5107
5114
6246
4942
6018
2348
1849
5233
210
3568
6535
1569
2377
297
1649
4860
1159
7137
5995
2123
2189
7366
7132
2147
2197
849
7417
5397
9312
8636
994
8526
5150
1656
6747
733
8445
2427
1775
4681
4327
6367
1787
5742
3669
6616
3865
3248
7944
6570
2188
4869
6721
1531
5915
7182
1955
8785
4190
4076
3826
2870
3356
8232
2630
1071
2353
8978
368
2960
404
9787
9574
2318
8854
6102
9360
1557
5945
8539
5380
1840
207
200
2470
333
3180
3277
8259
3768
977
1966
7933
1763
6066
262
6555
6627
7575
5863
8852
8586
6533
4834
8131
2739
8596
5184
1676
5798
1215
5089
5448
7910
429
236
3014
9930
4201
1765
4656
2703
1153
3392
1352
6519
224
9372
673
6216
458
5265
7510
8727
4167
7956
1617
270
4071
9601
6393
1749
308
4554
7719
4512
7090
1573
3366
9428
6327
6735
6443
2766
2804
5422
4188
8290
8609
8227
1963
3074
5720
7023
6306
1346
6591
4117
7762
8663
9968
823
8164
5980
524
1896
6101
5201
4058
2947
1683
8466
9281
7565
3232
5315
3882
4699
6620
5750
5624
721
6439
9314
7045
4409
3485
8258
7659
2523
2306
4557
160
1872
2726
3812
9211
103
5882
8165
7203
805
3304
3578
8052
9275
1370
3430
6789
9960
5042
7161
5116
9564
5121
7095
4247
2364
1822
3944
1594
3357
6965
8413
6294
8230
8665
1416
5850
4068
5192
3663
8550
7613
2171
565
2346
1393
2969
5543
4282
8938
1823
2636
5879
7248
7361
501
5129
5177
7117
6195
1034
7419
4779
9873
9929
5906
1068
8837
908
9510
7924
2539
5887
9277
2906
4
3581
4102
1296
7344
902
4387
2232
1332
400
5498
1287
6430
9942
9200
8411
8195
7204
3288
8974
8274
4841
8944
3100
6923
8073
164
5621
5955
4157
7797
7748
6648
985
7584
7223
3557
606
8309
4857
579
1937
8641
2280
2307
6342
5379
6810
2877
9022
3656
4445
7165
8163
9260
7199
5869
6897
5338
9501
8387
1172
4367
2505
7235
4923
2650
4267
8842
775
218
9373
4579
9619
9821
3957
2063
2673
8805
659
2628
9997
7538
4971
8560
2201
3988
9075
6858
9549
4591
8658
8306
1150
4794
8085
4948
7374
3405
8240
1100
6496
7056
935
6193
4155
1958
8253
453
7376
7106
6096
8385
413
4339
2016
5723
8653
5590
2394
2700
2783
9173
2088
6961
9739
8018
2558
7406
928
89
7873
6782
1821
7454
6698
9902
6962
5180
3786
6783
4613
7227
8639
7929
6550
4405
6860
9698
7598
8754
285
8676
4008
2408
5435
3891
9021
9474
4057
7125
1600
3197
8965
6084
9670
3850
667
3166
8649
9292
9906
9613
2295
8482
2383
4600
4004
6513
8731
8313
1855
7085
7379
8583
5960
6002
9841
1124
3124
6057
2244
1796
8701
580
1379
2057
7306
9540
1413
2151
1101
5314
2221
3150
143
7287
9074
3764
9128
921
7385
8781
3261
6131
7730
3965
6168
1748
2177
4552
2676
3011
836
4279
5711
1471
370
331
5616
8204
8710
4605
137
5374
4386
2194
5760
1503
5305
6069
8056
7069
2935
1251
4479
5115
2052
2831
2198
38
5684
7633
8422
543
9236
9753
5528
8343
2798
4278
6768
2004
5683
4118
3062
4735
1050
4839
6037
7884
7808
2309
2889
2405
1066
8623
8414
8072
9329
5787
7963
6005
9934
6926
3517
6436
8840
2771
5357
1494
424
7791
5991
9597
8878
9810
1418
1527
1223
9557
2409
7012
8858
9320
7333
6983
3428
7037
6441
750
8493
711
2900
1702
8476
7101
1045
2646
361
905
2509
1961
337
8822
5857
3964
4864
6875
9048
254
1547
8779
2521
1102
1583
4543
9975
3654
9112
7067
6323
3471
8631
7225
2385
5808
6189
7224
1025
6223
8099
8431
6798
1757
3252
9535
5403
7639
9032
214
5756
2044
7771
5208
2045
780
5675
8149
7578
7509
9158
2818
2361
2122
2326
3559
4965
6954
2310
4986
1203
9887
9514
3678
8026
8032
4317
4974
4475
9429
672
9632
1717
87
4178
7464
6626
2410
7819
5105
2184
7854
9283
5855
6239
2100
2347
2109
7148
7803
3747
9723
3914
4742
605
7687
5884
5638
8081
1044
3549
1325
3801
1613
9114
1665
9827
9983
2729
6163
6388
466
1893
5771
3469
2921
4955
7783
7285
1621
955
5718
2145
8679
8213
148
2856
8694
2061
1040
5776
7739
7260
9662
2835
5708
6445
9886
8748
2165
1720
8380
677
7185
2853
4498
3437
8905
1947
851
943
1774
2578
7812
882
1421
4000
874
7043
2748
4096
2589
7970
5964
1179
4675
5876
3982
7424
778
6349
4166
6982
4671
6807
4254
3173
9526
3114
5561
6970
7326
5507
3231
8381
7498
4525
7788
1906
4170
3617
8759
2116
2514
9179
5242
3811
4985
2993
3967
1168
6202
3946
3703
6235
5412
8872
3306
3956
7856
1019
8761
2333
145
3106
1500
4013
6245
336
9118
3533
3933
1027
1681
861
4650
5716
5387
6981
3024
47
1303
4641
6521
591
5283
2352
3260
3167
2797
2163
8923
6361
5556
7580
894
3928
5294
4232
6151
9539
5406
8722
5358
9424
3789
4306
8885
4724
3553
4429
5772
6373
4173
2422
202
692
5725
6920
9415
3258
3408
838
1894
2390
2233
4472
7567
2691
4253
6903
154
3127
1435
7815
7383
9615
1234
5953
7624
2701
7998
4813
3778
4412
1622
4092
7092
9512
2258
1911
406
4967
1238
8546
5393
6751
8398
421
971
9431
5052
8094
1556
5728
6348
4978
4635
8620
788
6649
5644
8898
4588
5091
5932
6145
3597
4093
4611
2247
9626
8768
8726
5592
5173
317
7304
6966
6313
4150
7702
9580
511
2532
597
4917
2622
5832
1956
5550
7370
4909
7335
4653
5
3941
243
9284
6071
3040
3666
6399
1426
2780
8021
9524
7495
646
4816
1076
3615
7734
9999
9015
4128
1300
5937
3367
208
8624
1314
9066
2936
6133
1514
8925
8126
9
7867
7000
338
4968
5099
3983
7696
686
7903
1860
3563
6843
9353
2486
4943
6200
2629
6729
9755
4756
9385
5650
15
9228
49
2128
3214
8150
4820
6421
4798
1698
7992
1736
8957
4572
247
7712
8504
8981
9007
8953
4194
382
9649
4906
6199
4729
7695
868
3141
7520
2912
9331
245
1616
9792
2524
4584
9294
2270
2566
9359
3369
9878
4012
2659
8011
6854
6106
5877
9808
7024
6762
5298
6063
6525
1619
3905
6963
8426
432
2273
1038
6734
2448
2837
8570
1851
2873
5849
2161
5249
6992
8128
8029
79
7303
7736
9369
359
2179
885
4627
8954
5993
4329
2998
8102
940
5836
8317
7611
5290
3916
4234
6866
2684
2237
2891
3671
4241
3117
9994
8625
1705
7927
6938
4762
1403
9831
2456
7537
3754
5642
8083
9818
8691
9724
9962
7466
1750
2932
8895
6800
6662
4925
2533
476
1271
6509
3318
7814
3976
6249
4527
6180
1871
6780
1104
3081
9989
3730
895
6934
8207
6064
4607
411
4149
6719
8792
937
5892
4510
8226
9779
9244
3979
6726
4599
2633
8054
1329
6610
5679
2657
6640
4132
9926
4326
1762
9297
2169
4574
6438
2185
7156
6647
5854
1459
1521
1798
8425
4089
3838
6904
7818
7677
328
8839
7011
1999
9838
1290
7250
5893
6584
343
127
9834
2967
9773
456
8400
5733
5661
5501
9647
8106
6167
4476
7689
3781
6916
9813
6515
7477
9592
2026
8684
3148
7784
898
4795
6013
7257
4830
9024
6838
7119
982
3545
9900
6879
7369
8787
7669
2166
6530
2374
4894
7591
9133
8912
3893
8345
5499
3938
1000
1382
1712
7508
7313
3403
7395
8330
4565
6197
4453
7650
1334
1599
2084
3662
3527
4202
1128
2021
2586
7451
8244
3447
5681
5754
3422
3190
1074
1663
548
2632
4608
379
7107
3163
6914
3647
1295
6466
1747
1982
4549
9464
1398
9949
1682
7601
929
9330
8440
4158
7311
2778
8210
6885
873
240
5986
5237
3454
2824
8175
7240
6714
5551
4775
5225
7497
5713
998
2465
5381
7296
8200
8043
482
2051
7708
4537
3086
3819
1245
8708
9991
2785
8786
2577
3530
7172
6705
3686
2517
8159
5895
993
6565
6030
2059
5970
2712
3375
8044
9493
920
2942
8644
4462
3537
9054
4164
1772
4602
4989
128
4984
6703
1051
7434
5965
3425
2548
6083
5195
5897
2225
8616
5413
6656
820
1484
814
9661
7283
2397
301
2779
5104
4303
5043
121
4116
6760
9235
7573
1781
8646
1801
8182
4663
2498
4100
1017
2931
5852
1568
5506
1777
8122
6500
1964
1253
4275
227
1365
6809
1892
9996
4897
7397
7961
9875
9970
2773
3084
8835
1533
893
6573
8851
9432
5085
3489
3133
4730
679
8608
682
8325
1165
4503
5919
5139
6663
8295
1321
4935
6514
8382
6046
2013
715
9950
190
4451
6174
8615
4493
6344
7780
4664
6179
3223
4036
3480
4437
4976
8848
4713
2230
2209
6979
595
2009
3562
9553
6108
7142
2152
6944
4873
3585
2496
5021
1372
7501
2262
6196
7265
2869
4007
4793
1718
6775
2281
5347
8162
3055
669
1284
5125
964
2413
8183
7620
4669
142
9450
9645
9144
645
525
1770
3630
5236
3649
6116
6478
3550
5108
3296
5161
7647
8395
2832
9981
4066
3128
6888
61
291
9566
3711
7617
9282
9471
3775
5157
7583
4517
3968
3371
5890
8127
7610
7830
4561
28
1195
3867
3418
6444
1059
9833
6458
1058
7086
6583
8595
7710
2441
1496
9479
9958
4771
5567
8030
3331
6166
3984
9213
7757
718
8662
5614
1053
3420
2491
3918
4919
2635
3089
4015
6973
5870
9447
2386
5263
5078
4692
2414
4225
1143
9531
1584
7621
5457
5162
9077
4103
4073
9473
853
9905
3101
3587
6684
2920
8082
3199
4393
4040
904
9401
7664
5281
8339
2669
3071
5142
3915
7516
4563
3045
1482
4159
7553
7570
3974
1994
903
4829
1971
9571
7400
409
2499
7496
3777
8351
6126
220
2
8450
5213
5364
2613
9754
577
777
1187
2995
6864
8353
5045
8087
7594
707
1779
9177
3176
9257
7772
394
3349
9624
8603
5549
7390
7671
8674
163
9152
858
1864
3271
2775
5433
7438
6055
3732
6774
7064
1721
5218
8477
7022
4910
4881
5442
3268
635
1651
979
7685
8682
1734
2229
5460
907
2046
6671
1180
2641
4018
1036
3033
8267
1377
7147
8977
1491
1140
4130
5285
9711
8717
8634
4357
6764
451
5158
3929
8656
530
5425
724
7749
9357
6058
59
4944
5929
2356
3212
4631
8092
8392
6590
6272
6039
5490
4844
332
4019
2143
5520
2983
1390
8555
5774
1505
4604
3185
4122
6797
4333
2245
4042
1297
3635
8061
590
9713
5277
2124
2332
7832
6187
848
1564
7544
9704
8740
2737
1037
6805
3902
5492
4929
8997
5325
84
6720
4127
6274
1932
9575
7247
5209
5070
8239
3972
6278
1185
9609
4718
7430
1276
8051
4959
5927
8053
6906
6360
9135
3391
6968
9104
980
5695
330
9218
6435
4239
516
6212
5445
916
271
3098
6996
5409
720
4215
8133
7631
3136
6008
1707
4519
8880
2469
3435
4504
2462
5767
1915
2695
2285
6097
8918
7672
1776
6596
6336
492
6788
2693
9716
8216
609
5469
7028
6971
6848
1226
8118
4467
6325
496
7882
4425
2451
1348
1735
8201
8517
5842
6912
4698
2430
7638
2879
694
7899
2104
9669
4450
8346
1543
8180
4185
6822
4361
6631
9070
9957
8692
8598
4135
4216
7618
6345
7087
9247
6087
8322
5724
6868
911
7332
619
7050
4245
31
2323
9035
9088
4814
2375
6731
8449
4113
3800
4824
8959
4471
2512
831
5914
740
9176
632
2173
6666
1469
9977
216
2599
587
2600
734
4509
8534
8441
6188
9209
9279
9721
560
3431
5923
2014
4822
2882
4322
4482
9882
3784
6595
230
7386
9935
3767
6370
7305
6568
3641
4528
2526
6314
3075
1225
7705
2182
3314
757
7579
4647
7110
6092
6288
4171
8825
183
1660
2096
2389
4408
6799
5598
9290
5400
663
4817
8369
8132
2696
4489
8816
4299
4197
1780
2316
6723
624
6049
3042
2053
5253
6994
4783
3606
4842
67
6178
3779
2039
7834
8068
3080
6135
3513
16
6001
1635
5971
1267
6506
984
7542
512
926
3718
1650
4237
9492
7444
9435
3614
9315
9237
6495
5318
6176
4354
5685
7515
6124
3589
1719
891
4979
6708
1341
3103
8697
7327
5090
3575
3776
931
9456
7778
8899
4087
4152
2293
9948
7626
1563
6554
2953
8515
2760
275
2621
5326
5231
6779
130
1506
4946
3134
467
1591
5670
9607
1723
3847
1812
2861
2028
5925
5394
4961
5067
2065
2234
4668
6791
305
8891
5106
8034
6377
3353
3785
7745
4125
8868
2645
7201
1119
228
7321
7840
9195
3001
3887
6218
6740
7452
1420
5437
2138
1427
7170
8321
3162
7826
2811
3798
9952
5296
4212
9055
8454
9570
5473
6928
9291
3648
2259
5087
1171
9225
3202
2174
4005
644
2206
2412
8655
8463
2883
465
4434
9222
2907
4672
2291
3363
5786
532
6850
9321
8115
825
8527
4330
6707
4690
2060
5165
791
4083
5867
8010
367
2702
9814
5071
7394
5647
6454
3171
7995
5837
2750
5530
7994
9163
3499
9233
4388
6465
7494
1615
9895
1160
7717
2864
7798
6967
3937
6702
7837
8790
2150
407
5636
5951
7389
1565
9567
389
559
2294
2536
8828
6161
4142
5399
1869
195
6061
2716
6964
9039
2963
6121
9480
2302
6931
8318
7245
3105
4750
3501
287
2355
972
2315
3600
7684
8813
8964
4090
7215
1725
4827
4266
4336
2609
9398
2838
6425
2992
9462
3855
2763
4550
9125
4081
1515
2662
8496
5313
8699
6060
3906
7480
4637
219
6384
1567
8505
1030
6112
4937
6305
2436
4051
2868
8657
4508
4219
7097
4589
1701
14
3713
171
5841
4496
5648
1052
6569
5557
9976
643
633
1596
2658
3234
6184
4131
479
9798
9883
6579
3443
7068
2922
2341
8704
9639
9483
6706
7885
3126
948
2552
3204
7096
8177
1881
4941
8498
5635
9109
1504
358
9322
2492
8368
1125
4980
1088
7019
3246
1004
8721
3340
3653
6790
9717
3650
1255
3013
8140
4432
9674
3423
4035
3460
9313
4585
3372
5066
1231
6987
5738
8832
9730
6148
9440
5789
7476
3593
5813
6146
81
9585
1254
4799
4945
3560
7609
3704
184
9245
6394
9734
1880
263
840
7786
7062
7070
758
2644
9832
4848
6763
6655
7409
5987
1376
4766
6027
856
3805
5224
6321
5167
1908
6333
2317
3118
3633
5766
2762
6034
9255
3596
9780
4104
7706
2466
6932
241
5860
2723
9851
6956
8831
8057
3240
2002
9489
3534
5480
6476
2846
7040
4703
5183
1857
7004
9556
9499
6925
9732
5247
8405
8983
7577
276
5427
5256
2176
2768
4478
932
8384
9687
4356
9560
4883
2132
4707
5018
8617
6171
5432
9518
1462
3661
3770
4886
9351
5023
1167
9138
2373
2271
4826
8687
5700
1667
124
3523
3407
6194
2069
474
1803
3479
3700
8212
9455
1976
4206
5365
9478
9568
769
3728
6403
9421
2796
5544
3413
392
7557
1232
5196
235
7160
6082
1652
1588
6462
7799
8904
999
2984
7020
8664
3913
225
9131
7888
3424
8139
9084
6012
9573
9636
630
5322
2292
8557
1434
9979
1731
9843
415
8487
7703
684
5384
5271
9335
2102
7724
1548
7338
3154
5215
2711
4570
2162
2732
8002
5682
6389
354
8098
7628
162
7755
109
1114
5958
180
9475
3642
732
3849
7047
5423
3253
6414
6859
8173
3901
5762
5168
1952
3539
3307
5977
5429
6629
9025
3951
7289
4676
9375
3760
2845
9276
4622
8810
1063
1969
7319
3065
4440
951
2458
6672
6320
2584
5912
491
8921
9578
958
2226
2923
4398
7408
9309
2228
7284
8857
922
4033
1643
3920
9529
3026
1907
1056
1453
680
9103
5223
1318
8739
7938
3132
1214
6122
7512
1662
6730
6213
8808
555
2795
5481
6192
1607
280
1081
2438
7467
3611
2934
683
3837
4821
796
387
83
4457
2581
3491
4480
5653
8117
1510
7178
9775
2437
8001
8349
7996
1155
9931
4947
9134
6426
6158
2167
7503
1593
3412
4711
4431
4286
1912
8251
6691
9708
8252
5595
8941
6692
8931
2826
3604
9691
6750
2784
3722
1400
2820
229
9826
6067
6815
2426
651
2874
4316
1789
3761
3574
8637
4872
1493
3638
892
2918
5471
1082
3739
6881
5643
3119
5046
1221
5542
1508
9286
6607
3417
3511
3852
557
5690
8475
3395
4115
8571
7232
2370
9323
5731
1850
7829
9113
1412
5156
5216
8543
8943
306
274
8448
5569
1369
363
6477
2095
7865
6710
8464
753
8979
6152
94
7980
7555
7568
7219
6289
807
4070
2854
6004
4710
4072
1675
5232
3706
6123
22
969
4852
9569
5607
4964
2765
4165
3330
1389
4003
4977
2604
8777
9140
2085
1410
7914
1935
2876
6644
7574
1728
6406
5272
1998
122
9745
5743
7562
1741
9016
8120
9052
1831
1007
5699
3146
6159
764
2915
8988
6589
7197
4050
9581
801
6902
1875
3570
603
8315
1320
7082
4524
7388
8514
4535
6998
2985
4384
6668
8299
4106
3665
161
695
175
2257
8320
5005
484
1988
776
2503
1343
4075
6553
9413
5585
7059
3377
2898
7270
4931
2634
8028
8757
5840
8100
6574
742
8123
8171
4161
6017
8375
9718
2525
6633
7127
9696
1122
7268
6770
8853
3095
5496
8272
4308
3602
8386
2235
4651
622
2212
3249
8447
8074
9386
356
802
7061
5625
3756
5824
4802
5578
6873
7200
9468
3164
9379
621
1689
3532
123
1342
1465
4625
6150
628
1513
4424
73
5803
1614
5943
1289
910
3292
9362
6758
7329
1003
3463
783
2654
8889
1799
6224
3607
2099
9617
9364
2708
9299
6448
3147
6006
9102
391
9091
6491
1391
9203
8110
4880
728
6275
2406
6401
685
9893
8484
4394
8063
9333
8876
3818
1942
1839
3561
9846
3911
9620
2885
3362
9397
8565
7404
217
827
6752
6132
1752
4452
9596
1768
269
1722
8924
5083
1174
5931
6727
8237
4238
4497
592
3222
4423
5566
6243
9880
1636
4818
2822
9488
755
9915
2033
6621
8533
8481
7175
2300
2605
4825
3270
3622
7849
9355
4298
6382
4689
9146
9789
7930
4262
37
125
4224
7310
3182
5111
5563
620
9709
2821
7951
4706
2559
2839
1744
866
7693
9689
9426
1075
3359
3069
3206
7968
2519
5284
5493
1016
8795
186
2833
1333
9037
4091
8600
7852
961
914
9622
8480
4900
8263
7906
7039
5815
4870
232
2034
2339
2419
9272
1492
1853
253
4257
7858
7051
6699
1127
6103
6545
1152
2706
167
9083
1848
8572
3996
9366
3031
5063
5175
1476
9155
7926
5059
5797
3324
426
5517
8587
1129
6999
1064
2284
5072
1204
804
9337
6300
4414
4983
7093
9521
3010
9141
3138
6144
9932
803
1194
414
4023
5500
5582
8948
738
7890
2744
3592
5916
9764
9343
8070
2764
106
3421
6459
5523
6505
8154
1473
3207
2382
1425
533
8846
9030
3927
8248
3516
5959
7592
8168
5599
6375
9261
1249
2719
7318
3188
6044
3894
3244
7354
4108
9350
2112
9111
100
8429
1486
5721
2220
4501
9908
24
8702
6068
2823
3034
9459
3203
4134
7447
7446
7315
5267
294
8932
7990
6309
3262
2631
7351
5730
9402
1183
9966
5084
2842
8286
4626
9188
9741
5522
9251
9751
1109
1724
3247
4990
3797
7334
570
6485
7711
7943
9393
7804
1380
9156
3794
8896
8366
5371
4184
6228
4719
2054
5933
8936
2867
2576
9940
5674
604
8255
8940
3125
9770
2006
5581
4784
9544
954
1108
6054
5302
8929
8709
3079
1739
5565
6539
454
8348
915
7363
3963
386
6411
9119
5868
2955
6363
8677
1847
4030
5246
1743
7543
2598
2698
4660
7169
5939
5800
7044
5075
9082
997
4849
1949
97
1478
1381
1134
5994
8124
7121
9417
4324
5632
3427
779
2040
6346
9740
7732
2927
9519
1458
4685
412
1261
5788
8638
4094
7957
6442
4207
9969
8404
989
3508
6993
1157
5097
2904
4284
4763
7337
7754
607
558
3529
5137
4415
302
8271
8838
2827
855
7440
62
9941
693
3978
7325
7912
9811
4747
865
1939
6033
3844
3684
4136
6990
5985
5938
2776
3555
9752
3851
1483
8022
1545
913
2626
7078
2158
6380
1090
613
5936
4074
744
2367
3233
4290
1137
1926
9046
43
976
7657
2988
7843
7764
5169
3753
5124
8
4708
9072
4926
4970
3966
7750
6268
6427
648
1813
2287
6343
7679
2219
7984
1597
307
397
2340
7915
9712
2574
5320
5654
8811
970
2041
6134
6267
9829
4105
3620
8887
8460
5420
5548
542
8746
5864
2191
8233
4063
5303
8428
9199
2933
1239
7655
4760
3873
7532
1859
7590
8300
7482
1928
8734
4582
8870
3364
6261
2752
9675
7122
5382
9947
7427
6508
2320
9095
9726
3741
1868
4101
6329
9876
7271
3806
3175
4913
1535
5580
4502
5375
2924
3746
5243
5356
1726
8799
7008
25
6917
1657
5424
2325
722
4180
2139
6482
3393
1608
3254
5778
600
7896
7648
5189
1669
2769
258
2049
3049
5047
1241
6660
5856
7792
706
1641
8920
340
7435
7862
3140
2926
4362
5155
6862
339
3824
7802
9532
4758
1350
357
8552
3302
1408
1639
2597
656
6251
3503
9332
8471
1118
5717
8567
3465
2490
8250
2097
5319
5975
3543
3691
8039
8332
4571
8446
2725
2781
6665
4028
6777
9891
7616
6140
5944
7316
2950
5146
7490
213
7358
6542
5946
8391
9466
4778
3102
9280
5244
3151
1349
6263
351
8064
2485
1914
9316
2343
1184
9123
8821
8680
2681
6111
9694
135
2495
1536
5377
996
9444
6613
2623
3213
6901
5136
4289
9534
8763
2091
3142
5844
5082
6576
2140
5558
8575
6725
48
8189
5128
4547
5020
8303
3478
9043
6279
9295
2391
6099
5439
7779
7150
2093
6651
6915
423
2805
118
5605
4304
1170
4053
4313
7548
231
5957
3036
6047
1433
6137
6561
661
2607
1158
8452
1367
845
6582
6739
9430
4355
4038
3885
4790
6837
1895
4806
5153
8275
2914
5443
9328
2376
1405
6670
7524
4773
1944
1827
1883
9217
2428
3652
8344
3194
8152
9681
4371
8397
1899
1014
4086
1989
4269
182
1873
4949
2077
1991
1865
3048
2740
8651
1606
5203
9293
2807
4473
8408
7450
6586
5024
8773
8027
1362
1609
2685
4882
5415
5438
8588
9577
7220
1886
2535
5568
1835
4777
1984
4578
1135
7423
3923
7048
6364
8377
4417
1244
4868
2192
9914
3263
8289
4683
2019
5662
7349
4112
9033
8158
8650
5260
8365
3293
9992
8468
6081
4618
7623
56
6995
8420
8879
544
9504
658
2473
6490
1830
9215
4567
5640
7663
4815
3484
6396
4447
878
9602
4678
4615
4323
4276
5234
7348
9705
7455
6597
1756
4888
4516
5447
1218
490
6378
857
5781
7569
4220
3835
8005
787
9003
1666
4420
5309
5092
8443
1361
1009
2058
3787
8038
8402
2829
8184
4474
4933
4210
8990
4147
2792
822
1319
9872
4280
7138
1371
2516
6446
3588
5373
2627
427
4477
2236
888
9150
8728
9765
9011
30
5363
1026
9246
6604
1311
6075
9840
678
5591
4921
1487
6646
4727
6324
1317
1677
344
7635
6667
962
8995
4610
4808
8294
3876
2328
8541
6645
52
4369
9370
2860
601
1490
1189
82
4084
7205
9850
5707
3552
5414
5587
8089
157
4712
1910
1099
9825
4186
6724
3000
8618
9785
748
1541
6695
7534
641
5151
4573
3346
582
9434
1834
2274
5182
6105
9490
91
1306
1181
8077
4590
5336
70
6453
7916
1309
3860
5811
7026
3104
1866
9278
156
4981
4082
2506
9824
2670
7561
8935
1532
1126
5618
7547
8298
4732
5770
284
468
5791
4285
7262
7377
6383
5102
5531
5352
6056
5773
3255
9890
5910
1441
9071
5734
3515
452
4559
6808
9660
9078
1242
8333
7462
1315
3707
1322
3385
425
7971
2199
8136
2587
2810
8906
250
222
7604
5697
9618
8718
1581
2111
2668
6395
2968
1086
6016
6784
9234
4890
6318
8956
6911
4992
1083
8078
3752
8161
4667
3708
9080
9809
10
4536
9790
2937
7364
3645
5903
785
9559
8319
7859
9210
1248
179
6951
5238
7291
5166
3870
2369
9582
296
9174
5726
2214
8215
9659
7171
6603
9974
3242
6594
342
9654
3536
5190
3218
2678
7294
3961
7251
5545
585
8220
3880
2329
671
1783
5820
1163
5830
1351
2042
3993
2746
7157
7504
5367
8160
2851
169
3441
9427
420
6031
8580
8036
2108
5792
113
611
7781
8191
8262
3540
8257
9743
7526
859
8770
4966
4581
9925
1633
797
7228
4640
2881
6095
7767
4542
1903
4755
17
9608
7246
5341
9920
7946
8500
7425
8668
2056
8972
869
1898
8707
3676
2705
571
1555
9707
9965
1439
9452
7841
5058
4182
5368
3910
2338
6437
4365
3509
8101
653
7035
1909
9625
4046
7593
3975
8379
5871
1338
7277
5416
4987
6368
5197
8714
3736
2555
5204
6422
159
3091
8218
8007
506
9142
5761
3467
5345
3123
1294
8806
3241
4126
957
2269
5793
26
5881
6657
6451
762
3037
2759
6974
6769
2819
1983
436
9523
7545
640
2615
8630
6580
4500
8417
7546
2590
2884
9537
7874
8151
7116
6269
9416
6654
2910
531
1876
9036
2180
2671
8942
8364
6611
4544
3044
4054
4348
9458
8045
6190
3400
9303
6254
4853
7619
4914
5051
1759
3688
9252
8506
6062
9305
6284
2130
2396
9758
5053
3899
1401
9242
5710
6924
9137
7280
1950
6625
6338
2753
4052
2800
7667
705
1079
6980
5886
7448
3450
9285
2153
4538
9558
5113
5300
9298
7307
2887
9714
8247
1437
2710
7880
13
5404
3497
6244
2261
3680
1807
7391
396
3448
8491
198
4511
2075
5389
5179
5266
3209
295
7384
2118
7399
7517
44
4353
2117
4123
938
4375
1580
6170
92
1411
2554
144
8952
4029
1655
5000
4385
6896
8419
5451
4746
3889
6792
7042
6872
3954
5659
6277
9603
1891
2411
2813
6303
6207
6949
3374
4620
18
9631
6743
3709
1672
517
5214
9164
3383
3287
4666
8153
2421
5740
8281
8024
6680
2895
4351
3631
9358
3281
7978
3257
9404
927
9673
1727
2680
8334
2565
9776
1901
4240
6766
703
4140
1501
39
2643
3726
7034
5088
7180
3690
441
770
654
2758
8462
6652
4249
5259
4603
9349
1229
1534
799
1863
4230
9356
6107
8627
5477
8518
7414
8023
4287
983
460
4016
6781
273
9099
5658
4248
4907
383
6549
1808
2286
2265
880
9706
6728
1854
4236
1430
7986
4796
5817
5963
1550
7979
7272
3744
6587
5062
1738
234
4067
9783
5127
3390
1530
8169
4744
4702
3989
455
9816
4300
8890
3019
1256
7519
3834
6208
7100
9259
1281
1414
1378
7365
266
3845
832
9058
1577
8562
7474
8312
8301
8276
2351
6946
2378
2611
5355
3284
3715
8955
8744
4343
7221
3245
8850
4776
8915
8042
1176
7402
1995
4400
5258
7372
2488
528
7158
9441
1186
870
7499
7300
8383
4715
3121
7652
5758
4341
9595
8796
990
6086
7114
3599
259
4211
9414
2082
8467
6093
76
8355
9684
3612
399
2064
8090
5009
1481
1931
4492
8492
6231
7587
5972
7726
5701
5407
3755
6463
4874
586
3280
5924
3664
1339
2098
5025
710
7649
8296
384
2290
6113
9231
536
4292
9668
6628
3525
6090
737
8927
8371
8008
854
1846
1695
93
8626
9849
1259
5688
975
8605
8006
5164
7076
9384
4002
1280
3022
6162
7999
2731
875
5833
5629
8573
8736
8561
8167
4487
2073
6021
2962
4264
8015
7091
5826
1298
314
614
3839
1746
5064
8198
206
4085
9766
8483
6374
35
3921
7066
9868
1123
1395
2756
8862
1200
2263
5693
3936
8234
5527
5604
6022
6602
6317
6043
2789
4144
3426
2025
6250
2591
8194
4396
5784
6353
6078
5200
811
4958
8804
2457
5866
8934
8601
2089
4338
9266
6051
8894
4366
4697
8205
9463
2735
6952
4483
3129
2038
8913
2157
5120
9130
4495
833
4904
193
204
8991
9151
7539
2399
1340
1285
4026
2264
3477
3193
2841
2482
5275
4586
7018
3285
4545
8080
2483
7243
5079
23
4114
5010
6094
5704
6186
4288
2170
3097
2714
4392
1078
4381
8903
6424
8260
3531
1951
1737
7084
7595
8050
9690
4654
4352
7985
6558
3050
5335
3029
5235
4899
6880
3795
1042
1755
1778
9087
9121
2444
5714
5035
5291
666
4418
2055
5835
150
3817
4399
5930
9101
1308
8522
2418
4490
7974
6634
8678
6050
7429
7007
1627
1388
992
1023
3139
352
4564
1222
6642
5081
5656
6937
3110
3804
4376
4655
8540
2981
6845
4177
3520
4764
9860
1089
8287
7276
4809
2733
7795
5252
629
8724
9086
9967
1867
6985
3492
2585
4259
9761
1097
4031
2200
7751
8900
5426
9374
9147
3339
6204
3514
8581
6214
4911
8390
440
9023
4896
5464
9598
3573
3875
8720
8269
2573
3475
1661
8640
2357
5806
494
8622
1084
1286
9928
3950
3152
953
2595
700
6182
9484
4382
1878
3660
464
6696
9496
7646
9911
670
2528
1678
5883
9978
7670
1804
4258
8016
6802
6292
9796
8602
9216
4737
6588
3003
6870
809
428
2507
3111
2925
8769
8285
8217
2774
1445
9768
1396
6371
2121
5983
649
7014
1246
5586
470
6718
589
6551
3337
8705
668
4017
781
6913
1402
9748
2772
5779
7787
5962
6219
6042
3651
8302
3006
6273
7894
7627
4748
5891
6955
3694
6295
1429
8273
5479
3955
4531
8743
8410
3507
2048
3072
1263
2087
6556
7058
2894
8103
4644
5170
4680
7194
3109
2032
9701
5405
6745
4059
7965
2131
3067
4636
8041
4098
8751
7744
4061
3380
95
8314
9910
3895
8883
8762
6341
7913
5577
9418
4243
447
6407
4688
2047
6547
5349
6518
3005
9059
3900
9208
593
5491
4244
4039
7625
7847
598
2018
8473
8824
1708
3002
2252
3088
2742
2930
9268
1784
2417
3697
6688
8406
489
5997
5645
1443
6014
6205
4458
4151
177
8756
4811
6942
372
4027
9186
7993
6498
7346
3832
7442
3047
594
7827
5138
9502
8833
6754
3986
9065
5968
5976
9181
8719
8645
9487
539
5633
9029
2360
2502
6908
3629
5199
8283
8661
8686
4780
7483
749
9096
1485
1383
7941
4533
6366
9563
3279
40
8084
6009
4460
3843
2172
7530
1970
2249
4256
9467
9028
3719
7009
9081
6804
7320
8114
7088
223
8291
4449
6659
839
29
4403
1093
3619
8490
986
1684
8488
9924
1423
8519
5900
2941
6038
2500
4930
2030
6177
325
8536
7428
497
1941
6019
549
7848
8075
514
773
7877
7947
3871
388
1098
9964
7426
2843
7789
767
500
1446
3773
2980
7875
3030
6473
8830
9009
5804
7892
3816
3282
9289
6674
7942
3668
6065
5475
4597
5123
1005
5096
4119
7698
3208
8733
1087
759
3404
4368
6811
821
3398
6600
1629
1730
9547
1310
4982
8772
6240
8430
6948
3510
2195
923
8884
1549
2487
5159
4321
4838
8062
7900
7459
602
3823
3228
2208
6732
9420
7893
3601
3632
8801
841
7925
6697
7967
9230
6891
3434
4109
6548
8486
6867
6347
488
21
7699
9923
8987
4665
7694
5601
4192
725
8590
1105
8393
8088
2563
2107
1602
6922
9057
3546
8911
747
5928
1943
8984
2656
3828
8238
5455
4788
6229
1472
6130
5362
6830
1509
8901
9027
727
3235
5843
3172
5689
9205
7249
3452
2350
9528
1444
8199
4662
9271
3158
7256
120
4649
6379
5627
4485
810
9980
9472
8812
4722
8058
9515
4973
1700
8922
7922
8219
7937
4193
2897
9623
5899
1230
5476
8444
4377
475
4318
626
318
9588
9650
7331
7989
6502
2754
9744
3113
9143
3681
4222
9807
9697
4208
5981
786
824
8187
2336
1575
7437
1800
5941
2459
197
8040
6352
2709
9889
2067
7715
3191
6794
8341
6599
5942
2561
8628
4204
9347
7072
4373
2857
8881
2808
457
5117
3440
3637
4621
5390
8389
2513
6156
3496
3348
281
303
7173
7080
6020
1
9572
991
8593
4876
806
9866
817
478
312
7602
7484
4001
615
7688
5076
3156
9938
4843
7817
279
2944
5346
9419
6748
1355
798
395
7025
6825
4812
4632
9224
3192
6546
8545
6612
8742
6322
1407
4064
9533
2359
1161
138
712
6365
657
8266
2825
5783
3411
2802
348
1046
2875
5343
9240
7153
3639
8223
1825
7109
7193
4391
2301
2952
9756
9241
6493
2786
7572
2256
6351
9159
6100
637
5229
8208
6852
8815
9700
9817
1626
3316
5751
6687
1844
3157
3333
9812
4235
1882
9139
191
5251
7255
2651
3598
2079
5979
2579
4055
2692
7720
9633
2828
7697
3388
5546
9368
2560
3397
9162
1368
7945
8823
1990
4446
6910
9550
6468
2037
8994
9788
4878
5094
7202
7662
8407
140
3243
7860
4168
349
5257
8553
6806
2354
5133
8362
1475
2794
5194
3017
6677
2453
9610
2755
3183
8764
1927
918
3004
7151
4859
1449
5398
1258
7238
8442
4953
2217
8347
6989
5293
5430
5329
3674
6842
7131
8396
889
6503
7123
9576
9600
1520
2675
9939
6516
6340
1273
3483
7536
8563
8279
4175
936
5483
7299
6359
5655
7267
2468
2218
8293
5316
5712
8820
3567
1544
6000
9098
4121
201
430
369
1354
8554
4752
7038
2071
2618
8478
9651
2480
9377
3500
2534
3627
4994
9658
8594
8188
7244
6449
7701
8778
9184
6035
8059
1997
8612
6282
1992
8423
2899
9963
2474
1250
8975
3859
347
515
2949
7362
1806
1154
2142
1788
9354
422
9506
1996
155
9038
3862
8579
4532
2531
2972
4638
6185
4845
8148
6818
3272
6215
5911
9545
503
4939
7878
3458
6787
8421
2743
9987
8236
1207
1235
2741
4041
152
3990
176
7733
5687
2319
5678
7902
7643
7735
8949
7960
8409
8116
4213
8310
3551
51
8203
6433
9202
4728
950
9031
2557
886
6147
2205
6015
1630
3807
4551
7835
209
3056
9470
4428
5969
9192
469
4714
8197
7863
9505
1587
3130
7640
4325
7046
3061
6080
5288
3256
949
8669
3320
1262
4095
2999
9073
8817
4630
313
9067
1345
1897
4169
7969
1347
7405
6225
2943
8693
8019
6544
6408
5484
7195
5436
7049
3470
7089
9606
8229
1275
5028
131
3444
2464
6226
5575
1133
7887
650
7375
652
8508
2260
9180
6536
8613
5686
4048
3969
1940
9686
1879
2556
4569
6632
3365
9859
5392
731
8892
6522
6089
319
8703
6701
2493
9627
3737
1117
4805
3931
1604
4176
6259
5613
6886
403
7879
4156
901
7721
9881
1208
5537
5328
6957
9665
3878
3613
2625
8859
68
8928
2193
7475
5576
437
6265
8667
965
5240
1644
4568
3226
4701
7216
3
4358
699
708
4734
3376
6686
5834
6172
7309
2547
7317
7691
9946
5982
8224
5747
7154
6301
2080
46
3309
5583
8399
5068
6943
7387
4963
9853
1590
8999
8354
7336
4865
6497
876
3930
1558
7465
9516
5378
6977
5768
9410
3433
2672
1375
7054
5898
65
9394
2008
9852
242
1268
1205
3504
3628
3201
7747
114
4696
8750
7506
2965
3892
3283
8135
5408
5054
1335
4682
5777
4148
4395
6400
9828
6623
7074
2366
8014
608
3571
9105
9476
9863
6402
5905
8632
4507
4892
987
5100
6428
8782
2834
6356
5276
5056
4598
101
6143
3780
3634
7470
7473
9253
3068
8864
689
8606
3387
2387
5861
4172
505
3953
9491
8671
9954
2852
6562
9750
4331
7660
5785
4277
2909
6823
3358
2429
1057
3815
9682
9757
1448
2961
5853
7415
6557
6222
5307
3328
7288
6510
4975
1132
4743
9482
7357
7030
1905
6650
2475
1794
5489
7460
2243
4700
7436
9325
3451
3528
5757
9120
665
4010
7144
9637
714
1930
6969
3149
1538
187
8146
5562
7811
7608
5417
2331
8495
4441
9801
674
519
4863
2078
3925
1704
3886
1394
2997
7449
7155
3554
1670
8432
1528
912
1112
2253
4315
8528
1511
6
5896
8845
9053
98
8109
2683
4199
5221
829
9250
545
1360
6410
5295
7637
2520
4898
5350
7492
6181
405
3958
116
2149
442
3868
736
149
2836
1925
9842
5669
8592
8874
3054
6499
6381
1934
7210
9867
7057
1980
6618
9214
7099
2303
461
5780
5206
401
3738
3643
7535
4407
5330
7098
6431
8860
7431
4153
8367
6257
2379
7564
8882
9388
9498
6552
702
8673
66
3829
3077
6420
6676
2282
4146
7982
1674
3338
5564
5961
6299
599
6664
956
4297
3368
7104
4345
1694
2251
877
9206
6302
3053
1331
2446
1211
9879
5920
6472
2022
3381
2567
1740
6869
8031
6003
1518
226
4307
4765
4283
289
2133
1010
3379
8937
3020
883
2694
1336
9746
7674
446
5878
6571
9611
3705
110
1012
1015
6678
9909
298
322
4454
6605
1324
1497
5383
3802
6296
7463
9126
2210
6855
3312
4972
9858
4200
552
315
5198
9183
6355
7258
9695
4520
9503
6778
1366
1002
9804
2928
3267
7192
147
5395
8735
4470
4922
2974
7293
3153
1224
8875
4612
5186
522
7274
5666
211
9422
3924
5514
5022
2248
9784
5321
1197
3344
86
9951
5109
1561
2240
9193
2639
3184
7816
2664
2850
6201
4891
4014
3519
189
4020
2562
8758
1948
5839
3610
3830
9327
4998
8372
7189
7179
9497
2916
2815
4962
3494
6746
6128
2620
9903
5807
3345
6024
1637
872
7479
6217
9715
7453
6909
2945
8209
8604
8793
9646
8277
9749
7977
3078
2137
350
8125
7600
6711
8855
4705
293
7589
4877
5660
6242
2890
2682
1773
6415
6041
1094
9640
8741
9643
9795
4205
8249
2363
2276
1680
9736
7163
7330
7356
377
8241
4374
5555
1162
947
1480
2788
5949
713
3702
8919
9628
4594
1820
1659
1913
9871
7911
4271
7340
7632
3303
5033
5812
4294
4754
9653
2277
6026
3912
3565
1687
7876
6716
8155
746
7187
3096
2472
158
843
6326
551
6416
1862
4920
5560
8329
828
5989
1551
4560
8752
9145
4291
8888
676
3294
7861
4657
2066
1981
212
495
1323
3351
8689
3170
9014
9453
4720
900
7582
2449
5746
5148
4370
5630
3672
4866
960
4850
1782
2296
5533
6619
7145
7094
1824
5040
9953
6183
2424
4908
1072
1760
8729
2515
4218
3793
3354
8111
7813
2031
6297
1706
3943
1838
7681
8438
6826
6953
7511
3378
2511
7785
9449
2745
7836
2211
2074
7286
5468
321
1856
3305
471
8865
8337
5502
112
6617
4390
215
2686
7360
834
5178
1918
5060
364
7281
8193
6074
9443
3658
237
5459
5488
5036
4044
8774
1945
9232
9781
9380
3603
6157
4912
129
4804
2903
1664
3616
3329
7953
6835
5698
550
2848
5940
9477
2335
5304
5061
6861
7776
7673
2689
9392
739
9020
1299
1069
8143
6653
8683
1673
9822
564
5308
850
433
292
4404
7505
1424
4823
6504
5386
5967
181
9677
1292
1624
282
8542
7416
5268
7845
6765
4312
3505
6191
5631
844
1035
1559
7973
6523
3591
5359
1792
942
12
8939
2035
2105
6712
4956
6786
3200
509
8264
1603
2440
919
8538
1039
3762
8282
3051
9387
5606
8497
5441
3186
4885
6372
6419
5134
4833
9990
7411
6118
3888
6638
7983
7641
9194
2551
1526
3462
8559
3321
4270
3526
5831
6898
5361
8112
165
5452
9546
7866
7603
8591
7266
3315
3361
4749
8607
5610
6079
8841
4514
9937
6683
3952
9973
6262
4652
1975
9848
8738
42
5261
3999
4534
655
5217
8261
9310
6076
1828
3059
5323
8067
8783
9437
4494
8469
3582
8453
7254
1392
5333
390
8304
1957
9688
3187
5801
3323
4251
5030
2267
1810
5465
5639
2175
7135
1011
36
1447
9874
8688
3998
8962
8412
8973
4831
1006
7177
1474
5210
8093
6210
2477
9819
6501
410
2241
256
6851
6534
4623
8861
1147
1837
8856
5510
7714
3370
2407
3721
8791
8670
5428
4969
6241
64
4659
6863
1572
5572
1671
5988
5596
5904
6230
5952
3299
7222
7790
6488
6125
7433
2362
3751
3220
7839
5450
1647
9877
2929
166
1620
360
1266
3278
5289
5874
2564
7218
7807
6480
3846
6717
1973
3547
6357
6432
578
5013
8270
8566
8331
2718
2575
8265
9361
5667
1364
529
3960
7527
3605
5677
871
7298
6290
7053
2461
751
9196
1428
2372
9486
2844
9998
3904
1452
5865
5279
7740
1243
8917
8069
4918
8695
8700
4252
7118
5456
4138
1592
8035
257
6801
7844
1516
7041
7718
8755
3863
5086
7559
9972
1522
5002
1144
881
8643
4566
7761
4301
5516
6737
7136
2730
9630
9258
4337
3883
3782
8621
1213
4556
3769
6460
3490
4862
6795
4867
8926
1809
375
7629
4726
636
7343
3720
3332
7651
7828
3442
1658
7991
9870
7614
3350
6053
4954
6892
816
5851
2452
8433
194
1495
6253
2156
2582
3636
5736
6434
7560
3538
4293
5485
7226
7723
3046
716
7488
5011
178
1585
6927
78
27
7975
1818
417
265
335
5917
3311
3577
9815
7314
9047
9731
3319
9034
8012
4768
6757
3890
9068
6385
7269
1710
8243
4459
2007
1733
4716
8642
6350
4548
3301
2433
9227
9132
5907
3745
7768
3015
5466
3973
7558
4628
4411
2862
4759
6059
9912
8633
9702
3195
3724
1874
6155
4466
6635
2902
7775
7164
9666
6575
3692
8829
9680
3879
7478
3727
835
1968
5434
2435
7759
6211
4614
6940
5147
20
9170
3689
5286
172
9460
8134
1432
4021
3360
3682
8308
4281
8908
7522
6821
311
8311
2086
7824
6543
8501
5926
5458
3297
7139
4576
9927
1713
3461
9612
3389
3994
4562
5570
5594
719
4887
5505
930
5745
2946
800
4617
4521
988
9448
431
6447
1771
1841
2688
4993
9451
326
8844
6417
9683
1993
90
3446
3733
6481
5663
2227
4792
743
5513
1252
1270
3335
9307
7407
5511
4124
5019
5518
2454
290
3093
5584
4761
1845
9238
9562
4465
6803
2299
438
5132
2255
4836
2571
2484
6484
6704
9400
1358
7167
7769
8871
3748
5487
5301
697
7746
2330
5453
2863
812
2223
2859
8798
7851
4952
7403
4139
5171
8531
8403
408
3399
3032
9378
8967
7905
9583
4767
3881
3657
7134
8470
9302
5553
5889
6206
2667
6139
3198
4060
3932
1302
6813
1136
4464
1149
9304
9403
5421
2144
1819
8666
6722
19
9405
5324
1786
6369
933
8119
6471
8521
2119
867
239
7027
4229
2549
9160
1106
473
2467
5554
4687
2617
6423
463
6141
6559
50
7229
6354
57
8715
2715
3981
2550
6675
6941
2679
7964
1357
4183
2697
7533
3714
7920
3155
5152
3740
268
4539
5822
5612
6624
3763
2110
2569
2954
7322
6221
1922
3712
6637
789
4951
5003
3230
8985
5306
8268
4643
8800
2072
6945
1073
6761
8993
2322
7531
7393
8803
1832
6682
6681
9317
2489
8457
7420
380
1623
3476
4037
2278
8361
9982
1113
8465
6280
9722
523
1451
9845
6882
132
1921
9148
5902
418
3474
2677
6817
3073
9802
1985
5672
3196
3980
1247
1264
7686
4346
373
1156
7596
3874
5509
4553
1524
6921
480
1257
4679
199
9319
2164
3939
5098
726
1178
847
3569
448
8176
5250
4846
439
3023
967
5311
5859
7457
5031
7486
5402
1668
1328
8537
3626
7130
566
1455
1438
1048
7825
8685
2508
2395
1417
704
7140
2135
7149
5814
398
9525
8376
299
4359
7571
9634
6456
7129
8826
3572
2455
925
7948
9363
9520
6827
3734
1566
8328
7987
3289
520
7932
7551
3821
5327
1409
4320
4513
2770
2275
9124
5741
9094
864
7239
5446
2653
1145
1293
546
7886
5038
2141
4272
504
6997
6119
9117
572
1625
4642
5317
9885
4110
2159
99
6110
8945
9026
9777
1904
3898
9837
3872
2896
1793
6149
8137
618
9049
3749
4189
3466
6733
756
5619
1554
2817
9256
7661
9042
9541
7793
2279
7371
8998
8138
4580
9699
9223
6203
7021
5540
7342
3848
267
6404
4740
365
6287
3621
815
3618
808
6526
3790
2029
4196
5227
5795
6260
9249
6517
3131
3087
8576
4791
6877
3940
5193
444
6844
5026
8877
9894
3064
6622
2384
4774
4226
5219
8049
8970
8648
696
9589
6440
7676
2337
7083
6452
8982
3269
7931
4995
2724
7456
2425
6129
717
6045
6874
6541
568
5065
9457
2803
741
7622
5641
9045
6939
5228
8494
5211
2027
1033
723
5954
784
4819
8235
5512
2020
3317
9760
9693
1404
1464
9733
7722
3145
5297
9064
4043
238
6614
6899
9273
10000
7855
9338
3699
2439
7186
4273
3178
8520
7350
1924
9605
7120
5894
3347
1790
5999
9465
9692
1041
8529
4191
9296
5342
698
4195
1092
5339
6531
1751
2434
9157
6266
9454
8065
4587
8418
7869
3856
2546
1373
6487
2450
3877
1265
2327
4111
1020
5805
2501
4997
9008
6884
4486
1498
6527
7822
6386
4875
9342
5547
9869
5651
3325
973
588
1715
9555
6264
1198
7528
7654
4025
6742
5719
5131
3300
119
8228
5692
6376
33
7636
9945
3586
7809
3866
2619
7683
7800
4436
899
6643
77
8066
8992
4350
5901
1887
8582
1164
7939
2616
9092
554
5174
5597
7217
9823
7183
3595
9481
4800
5847
9621
2213
2403
2602
5112
9507
1220
5608
660
4065
2215
9638
126
2541
1456
5004
3436
7010
3646
2393
8415
1029
5149
2266
9423
4011
9671
2855
4484
9854
251
4228
3820
5709
6816
7264
4246
5715
8336
765
1642
1457
7881
4174
9664
1216
6104
3179
5782
3060
486
8323
371
7763
173
260
4302
7678
5649
1146
9318
7469
625
8342
7606
4310
7231
6332
1141
6690
8436
3161
2168
2814
944
1889
3625
6560
5934
4738
3343
6537
8971
2994
1301
5862
1916
9149
9191
2442
4673
4691
3908
2115
7630
8086
1814
1632
5191
1385
4546
9012
8121
8524
5996
4389
3869
2011
6007
2024
5310
5034
9554
5370
3997
8551
8749
1690
9742
662
261
3791
1217
2190
4268
8214
8424
2976
9543
3995
2381
1353
7597
7489
7644
7308
9239
8737
5657
7159
7339
7468
6308
2050
7540
8797
8963
7853
974
2938
7236
9040
5935
3290
2594
3522
1190
7923
3007
4314
7345
4340
3018
8324
8933
1130
74
8961
9189
3216
7782
4433
1067
4916
1260
7753
75
8516
1598
3298
6840
9407
1192
9050
1278
1638
9221
1274
8611
8969
4593
1815
1714
4526
1507
1024
8535
9408
1919
1182
1236
1640
4782
7692
5274
3742
9108
1277
1836
5828
5775
5143
8960
7079
7211
3723
3542
5825
9791
5603
3181
2136
1610
6138
4851
1797
9897
8076
1811
2610
9805
3842
6824
9663
8340
9076
9365
4255
9169
534
7857
7412
9727
136
3544
6028
2432
3135
5819
3809
2687
5006
1237
510
1499
2991
2880
6636
4932
8548
507
4999
6853
5626
1442
6529
3679
8097
7502
8996
2476
9522
792
562
1769
1648
3583
5753
3853
7585
7241
939
6753
5354
627
7214
2892
7850
2878
8178
5027
1206
1269
6585
3099
7112
6847
2790
968
3396
3558
1450
7115
6461
7378
3414
2092
6694
2196
3120
7278
2358
8794
9254
5163
8659
8055
7523
6986
8706
9767
2518
2238
9445
7904
443
2948
3168
6070
7891
8809
5220
7103
5888
9956
4069
5992
1422
8190
7728
6933
638
108
8327
8827
9614
6849
4855
264
752
6893
2986
4770
3122
9060
7373
416
1512
6293
5504
1546
7031
794
5873
2076
9136
5037
8564
9116
9348
1279
5292
5534
1959
6114
9548
6831
7653
4426
5821
1386
563
7392
9921
9469
5875
5073
9172
3225
6312
8096
9339
2530
3137
2431
3935
2799
9002
435
946
9919
9219
5519
1816
6450
9579
7680
3468
4049
2103
526
5694
1488
3949
4413
7297
5007
8451
9346
6828
7756
1233
1525
5691
1212
1972
5077
7323
7055
7738
4674
1479
203
7709
890
5703
3334
3112
7052
688
8902
4950
837
5990
675
6291
7656
7871
5579
6315
1685
34
3085
4558
6829
6270
2989
5241
9396
8873
8807
4227
499
7642
3822
8946
7500
8730
353
6841
4529
2721
246
7820
6154
6685
7471
1327
9803
6467
7514
3082
8211
4960
5130
2608
8288
1699
2529
6959
9778
1415
2447
3564
6755
9918
9461
4694
7513
7607
5921
5118
2612
9820
634
966
7566
8910
3342
6077
4901
9961
2888
2871
2913
7382
6512
170
9425
6120
4810
8767
5185
9381
3266
8485
1031
2297
1454
1199
3623
7458
2940
2125
3035
8455
3039
9274
6741
1571
8771
7015
3942
1729
8489
7439
4924
1979
7966
309
5729
9306
5880
4463
2568
1611
481
1461
2614
3453
146
5080
1111
374
6198
2809
9685
6900
7928
5872
2401
4378
1283
1077
2402
2314
4515
6709
8004
8416
4305
5344
4616
3415
2787
1049
852
6918
9861
1018
5431
8172
7846
1562
574
4807
278
846
329
4530
4263
7401
2242
7352
5388
7666
2304
3169
5212
6175
1008
8401
1631
1802
1436
5524
6960
584
7
1742
8141
5014
3327
1965
5463
320
4499
2178
8747
2368
8357
3384
2971
4332
1201
462
3108
9806
1842
863
1489
5472
9629
8439
5044
5140
4787
7901
4646
4835
5462
1043
9093
3457
3382
4871
5095
9839
2288
7233
2272
5668
4745
5810
9061
1148
6988
9538
5752
9018
5552
6271
2250
5974
6958
5205
9599
1387
8753
376
8509
1013
9300
8254
3455
6759
8544
3771
3482
3459
7821
9051
5467
6976
3488
2749
6023
5818
9485
7198
3291
5956
8547
2908
3210
3473
8574
2720
9270
1791
9187
449
2975
334
7113
1228
153
3227
7773
1693
9044
4456
7507
3926
8847
5838
1431
7743
2246
3716
6935
1399
2345
813
7952
8502
3449
7174
7355
8647
9738
2939
6689
6258
4363
4757
3987
3416
1877
7950
1467
7001
6538
8071
9797
5001
9901
1028
1933
6771
7765
8511
185
9782
7665
4154
1116
8242
8690
3735
9667
5615
9907
3903
5816
8437
6247
485
8037
2160
7071
7209
9648
5418
6232
221
8713
7954
5093
2003
9175
9551
5664
1858
6598
9167
5609
6316
1686
7935
3445
7292
4840
7341
2527
5348
4120
8105
3792
1888
5739
4421
7758
1578
5122
6592
2637
7949
2911
8819
6820
9000
3576
2642
2751
7731
5012
2847
3841
7707
1679
5385
5673
272
1169
3239
6397
32
2638
8711
4648
8802
6011
8113
7279
8222
8499
8599
45
2388
7368
818
9161
139
8951
168
5948
9771
9013
102
9336
196
1923
1085
60
1061
111
5188
1833
7422
8095
6930
4684
2231
4342
2849
7988
4107
5521
8307
3016
8145
1330
6871
575
3655
3410
5391
9127
7612
6776
9830
9495
9527
7032
7704
1115
6608
3673
4695
1539
6085
5176
8619
4260
7242
5226
9847
4209
4203
5351
1974
5470
3556
4639
4145
9168
2655
897
3758
9656
9899
4347
2420
9591
1936
5622
4097
6409
1406
255
2606
9772
7207
2648
8629
521
9710
2416
2187
9367
1870
2415
4609
1272
5101
4717
3237
862
2588
3236
9703
3058
3729
896
498
8170
2268
7005
3506
8231
3947
8789
4032
9017
2423
963
1188
3788
8716
2522
6492
5508
1151
2222
188
6236
5372
5759
8202
2471
134
6281
6276
366
6601
6767
9106
6286
5187
8652
8374
5145
4927
2660
7907
9604
5366
6812
6738
5503
434
7017
7367
3696
8930
252
6248
2727
9439
7794
8104
612
6040
2134
7128
917
69
3217
7675
2017
9019
7727
6793
9799
2224
4024
5665
7485
54
6330
450
1628
5494
2544
9004
2298
2665
6839
1977
2951
1316
2005
5588
1960
6693
8712
1962
1103
7102
7282
2308
7870
9735
2865
3858
1920
774
4540
795
2120
9122
7441
2886
5069
4928
3750
9993
1754
8869
8292
3027
4461
248
4856
2445
9005
2392
1852
9287
4769
2114
7259
4601
5440
8225
766
6220
3677
7962
2901
6984
5574
3028
5015
6390
6115
8179
8363
5248
3076
2583
1313
8108
8780
7191
631
5589
7188
5207
5230
6889
7831
3524
6890
2186
2919
6234
5764
9509
53
664
9565
8181
1219
2791
385
5202
6572
6878
6304
1586
5411
9720
6929
4141
2652
3608
4265
3402
7493
9340
3594
141
7588
4936
9855
7838
5454
1062
9269
7716
9389
754
1785
6615
6947
2203
7889
9904
4595
5794
5264
9100
9836
5449
7713
1890
4661
1032
1193
2254
8461
2204
2311
4045
2661
9747
8614
5744
6470
8326
2990
9988
362
5255
6256
4402
9616
4915
1175
6833
6936
1466
2398
8507
3386
4555
8297
1054
7432
9185
8003
4709
6153
4491
5154
4047
2504
5495
4198
5593
7359
6894
3710
8435
6117
9107
2001
5950
8206
7252
2957
3115
3057
7599
1304
8732
3579
2538
7081
5280
5541
9561
9382
6772
7774
4575
6165
7541
3810
2460
5908
9371
6142
7918
5287
9446
5282
576
9197
2722
9944
1986
5008
316
4506
5016
7212
3991
4619
9412
2344
5809
7919
1142
7295
5525
6494
7658
3295
8434
3160
3907
7682
1826
8338
2593
6160
1967
2342
2917
4223
981
3116
4430
3959
3066
3326
3215
7124
9243
4934
9986
6540
1805
1419
9542
879
2893
1282
4422
5110
8359
4419
2704
2126
4704
3174
616
4957
3275
2129
5529
7833
7752
9513
7237
9641
7842
4905
4991
1202
233
7908
6991
5461
1653
9888
819
2806
2081
4334
1589
9943
1107
7105
771
8523
1070
7398
1363
2000
9089
9586
5029
8360
9090
6398
2181
7529
3219
4903
4129
8503
6109
4861
1646